17
0 0 0
0 0 0
0 0 10
0 0 10
2
0
9.80297
0.1939 15.6397 17.4971
0 0 10
0.1939 15.6397 27.4971
0.1939 -0.0220203 27.4971
2
0
24.606
0.1939 15.6397 27.4971
0.1939 15.6397 27.4971
0.304639 15.6271 37.4965
0.304639 15.6271 37.4965
2
0
9.80297
10.304 15.6271 37.3857
0.304639 15.6271 37.4965
10.4148 15.6146 47.3851
10.304 15.6271 37.3857
2
0
16.0331
10.304 9.53905 37.3857
10.4148 15.6146 47.3851
20.3034 9.53912 37.275
10.304 7.12277 37.3857
2
-45
17.6186
19.9688 4.92789 33.6077
20.3034 9.53912 37.275
19.8843 -1.54496 25.9857
20.219 14.9177 29.653
2
-26
17.4026
19.8843 -1.54496 25.9857
19.8843 -1.54496 25.9857
19.7939 4.22047 17.8155
19.7939 4.22047 17.8155
2
-117
9.80296
9.79834 3.93538 17.725
19.7939 4.22047 17.8155
9.70786 9.70081 9.55487
9.79834 3.93538 17.725
2
0
16.0331
-2.4824 -0.272071 9.07519
9.70786 9.70081 9.55487
-12.4779 -0.557158 8.98471
-0.275947 5.4094 9.48716
3
0
24.4788
-6.72605 5.7012 -0.91114
-12.4779 -0.557158 8.98471
-15.9131 1.75226 -0.973447
-3.29266 -4.91844 -2.65705
2
149
16.4142
-22.3616 1.16449 -2.24836
-15.9131 1.75226 -0.973447
-16.4191 -1.65706 -9.78005
-22.3616 1.16449 -2.24836
2
240
11.9014
-18.2527 -0.965434 -0.00892258
-16.4191 -1.65706 -9.78005
-28.0238 -1.85605 -1.94075
-18.2527 -0.965434 -0.00892258
2
266
15.9371
-19.4077 -3.10412 3.15708
-28.0238 -1.85605 -1.94075
-21.2475 -2.41012 12.9618
-19.4077 -1.82525 3.15708
2
246
17.448
-11.4572 1.83133 6.43665
-21.2475 -2.41012 12.9618
-2.85085 1.8621 11.5287
-11.4572 1.83133 6.43665
2
259
19.9139
3.3106 -3.27107 12.4257
-2.85085 1.8621 11.5287
11.1386 0.120278 7.20837
4.97717 3.21126 6.31136
2
266
15.0755
6.0956 -2.4724 -1.0285
11.1386 0.120278 7.20837
14.3325 -1.05277 -6.51836
6.0956 -2.4724 -1.0285
2
246
16.0331
5.04302 2.59268 8.23687
14.3325 -1.05277 -6.51836
0 0 0
14.3325 -1.05277 3.48164
2
272
19.6294
