17
0 0 0
0 0 0
0 0 10
0 0 10
2
0
9.80297
0 10 10
0 0 10
0 10 20
0 0 20
2
0
15.24
0 9.4102 20
0 10 20
0 9.4102 30
0 9.4102 30
2
0
9.82817
-10 7.00428 30
0 9.4102 30
-10 6.41551 39.9827
-10 7.00428 30
2
91
16.3202
-5.72967 3.61762 29.8745
-10 6.41551 39.9827
-15.4522 1.27846 29.8745
-5.72967 3.61762 29.8745
2
123
15.575
-6.77637 5.59411 32.3453
-15.4522 1.27846 29.8745
-3.00539 3.1234 23.4192
-7.9483 8.29403 35.9699
2
123
17.3548
-12.9959 -3.32613 30.9866
-3.00539 3.1234 23.4192
-6.71375 2.54714 36.0895
-7.85418 -1.52357 32.0132
2
266
15.6651
2.18089 3.4721 40.5351
-6.71375 2.54714 36.0895
-2.26468 -0.788444 48.4144
2.18089 3.4721 40.5351
2
318
15.6488
1.79224 -0.106456 39.488
-2.26468 -0.788444 48.4144
10.6988 0.819732 43.9395
1.79224 -0.106456 39.488
2
259
15.7667
2.94907 -2.29987 39.0845
10.6988 0.819732 43.9395
7.07665 -1.606 30.0026
2.94907 -2.29987 39.0845
2
311
16.1983
-2.33073 5.40865 30.289
7.07665 -1.606 30.0026
-10.3513 2.18003 25.2644
-2.33073 -0.81204 30.289
2
344
18.8781
-10.7231 -1.57019 15.3044
-10.3513 2.18003 25.2644
-20.6831 -0.729587 15.6077
-10.7231 2.19096 15.3044
2
389
16.3858
-20.6831 -0.729587 15.6077
-20.6831 -0.729587 15.6077
-20.6831 -0.729587 5.6077
-20.6831 -0.729587 5.6077
2
363
9.80297
-20.8661 0.510499 -3.70816
-20.6831 -0.729587 5.6077
-20.8661 0.510499 -13.7082
-20.615 2.11106 -4.38544
2
370
19.2293
-10.8774 -1.84186 -13.7738
-20.8661 0.510499 -13.7082
-10.8118 0.892349 -23.3925
-10.8774 0.040047 -13.7738
2
344
15.8952
-9.88114 0.470452 -16.145
-10.8118 0.892349 -23.3925
0.107576 0 -16.2106
-10.8118 0.892349 -13.3925
2
363
15.1202
0 0 -10
0.107576 0 -16.2106
0 0 0
0.107576 0 -6.21065
2
370
16.0122
