15
0 0 0
0 0 0
0 0 10
0 0 10
2
0
9.80297
0 10 10
0 0 10
0 10 20
0 10 20
2
0
14.8057
-0.0712133 2.80767 23.2637
0 10 20
-0.0712133 9.87873 30.3348
0 5.22229 27.0711
2
0
12.0013
-0.0712133 6.85919 30.3348
-0.0712133 9.87873 30.3348
-0.0712133 1.26065 38.6207
-0.103154 7.22984 43.5167
2
0
12.72
-0.0712133 8.06693 38.6207
-0.0712133 1.26065 38.6207
-0.0949687 6.09682 48.4247
0.0474018 7.62525 43.2448
2
0
12.0106
6.7097 1.99061 46.4516
-0.0949687 6.09682 48.4247
6.86045 10.0799 52.3287
6.21952 1.29706 46.6802
2
-123
12.3808
-5.04768 8.49992 51.1078
6.86045 10.0799 52.3287
2.72764 2.58974 48.9597
-5.42922 4.22738 56.7617
2
-91
14.4175
-1.64512 5.26952 40.375
2.72764 2.58974 48.9597
-10.2299 1.18134 43.4716
-1.64512 5.26952 40.375
2
45
16.0331
-1.10802 -1.75199 37.6764
-10.2299 1.18134 43.4716
-5.48077 0.927779 29.0916
-6.13695 1.05241 39.7338
2
-45
16.2537
-4.95393 5.03473 29.3241
-5.48077 0.927779 29.0916
2.42826 4.80219 22.5825
2.42826 4.80219 22.5825
2
-65
11.0427
-0.429769 -1.4966 15.3606
2.42826 4.80219 22.5825
6.79221 2.04125 9.41694
-0.429769 -1.4966 15.3606
2
-84
16.0331
-5.71205 10.8152 11.9962
6.79221 2.04125 9.41694
-8.57008 4.5164 4.77425
-8.57008 4.5164 4.77425
2
-298
17.6302
-6.03634 2.49698 -4.68631
-8.57008 4.5164 4.77425
-15.4969 4.02125 -7.54542
-6.03634 2.49698 -4.68631
2
-331
16.0331
-3.70957 2.94856 -2.82243
-15.4969 4.02125 -7.54542
-1.17582 0.929141 -12.283
-14.3628 2.94856 3.33523
2
-415
19.7657
-1.13408 1.07269 -10.8807
-1.17582 0.929141 -12.283
0 0 0
-1.17582 0.929141 -2.283
2
-415
12.2079
